146
1
1
139 
0 0 1 0 0 
2 0 4 0 0 1 0 2 0 3 0 
2 1 3 0 0 1 1 3 0 
2 1 2 0 0 1 0 
2 1 2 0 2 1 1 
2 2 1 1 0 
2 1 2 0 2 1 5 
2 1 2 0 4 1 5 
2 1 3 0 0 1 5 3 7 
2 0 4 0 0 1 0 2 5 3 8 
2 0 4 0 9 1 0 2 5 3 8 
2 1 3 0 6 1 0 3 5 
2 0 3 0 2 1 5 3 11 
2 2 3 0 12 1 5 3 4 
2 0 1 1 5 
2 1 3 0 13 1 5 3 2 
2 1 3 0 6 1 0 3 15 
2 0 4 0 9 1 14 2 5 3 8 
2 2 3 0 0 1 2 2 2 
2 0 3 0 5 1 2 2 2 
2 1 2 1 2 2 2 
2 2 1 0 5 
2 2 1 0 21 
2 2 3 0 20 1 2 2 22 
2 2 3 0 21 1 2 2 23 
2 0 4 0 9 1 14 2 24 3 8 
2 0 2 0 0 1 5 
2 2 2 0 0 1 0 
2 0 4 0 9 1 26 2 24 3 8 
2 2 3 0 0 1 13 2 5 
2 2 3 0 2 1 8 2 5 
2 0 2 0 0 1 0 
2 2 3 0 2 1 31 2 5 
2 2 3 0 0 1 29 2 32 
2 2 3 0 19 1 2 2 19 
2 1 1 1 0 
2 0 1 1 0 
2 2 3 0 19 1 35 2 19 
2 1 2 1 2 3 8 
2 1 2 0 5 1 5 
2 1 2 1 2 3 39 
2 1 1 1 6 
2 1 1 1 2 
2 1 1 1 1 
2 2 3 0 20 1 41 2 22 
2 2 3 0 21 1 2 2 44 
2 0 2 0 0 1 31 
2 2 3 0 0 1 14 2 25 
2 2 2 0 0 1 1 
2 0 2 0 0 1 48 
2 2 3 0 0 1 49 2 25 
2 0 4 0 9 1 26 2 50 3 8 
2 1 3 0 4 1 0 3 39 
2 1 2 0 12 1 5 
2 2 1 1 5 
2 1 3 0 53 1 0 3 15 
2 1 2 1 1 3 1 
2 1 1 1 19 
2 1 3 0 4 1 18 3 11 
2 2 1 1 2 
2 0 1 1 1 
2 0 2 0 34 1 2 
2 0 1 1 2 
2 0 2 0 34 1 35 
2 2 3 0 63 1 41 2 22 
2 2 3 0 21 1 2 2 64 
2 1 3 0 6 1 6 3 6 
2 1 1 1 5 
2 1 1 1 20 
2 1 2 0 0 1 31 
2 0 1 1 69 
2 1 2 0 2 1 13 
2 1 3 0 53 1 36 3 15 
2 0 1 1 8 
2 0 2 0 19 1 2 
2 2 3 0 19 1 35 2 74 
2 1 2 1 36 3 1 
2 2 3 0 0 1 33 2 32 
2 2 3 0 0 1 54 2 47 
2 2 3 0 8 1 14 2 5 
2 2 3 0 8 1 26 2 5 
2 2 3 0 0 1 54 2 80 
2 2 3 0 0 1 49 2 65 
2 2 3 0 34 1 0 2 19 
2 2 2 0 21 1 0 
2 2 3 0 0 1 49 2 83 
2 0 4 0 9 1 26 2 85 3 8 
2 1 3 0 0 1 0 3 2 
2 1 3 0 0 1 2 3 8 
2 1 2 0 0 1 1 
2 1 3 0 0 1 0 3 87 
2 2 1 1 13 
2 2 2 0 19 1 2 
2 0 3 0 0 1 0 2 0 
2 0 2 0 0 1 1 
2 2 3 1 13 2 5 3 0 
2 2 2 1 5 3 13 
2 1 2 0 0 1 29 
2 0 1 1 29 
2 0 1 1 91 
2 1 2 0 0 1 91 
2 1 3 0 97 1 13 3 53 
2 2 3 0 21 1 35 2 64 
2 2 3 0 2 1 0 2 18 
2 2 2 0 73 1 2 
2 0 2 0 0 1 6 
2 0 2 0 0 1 62 
2 2 2 0 106 1 2 
2 2 3 0 2 1 0 2 107 
2 2 3 0 0 1 33 2 5 
2 2 2 0 0 1 5 
2 1 3 0 4 1 58 3 39 
2 1 2 0 53 1 5 
2 1 3 0 0 1 5 3 112 
2 0 4 0 9 1 26 2 85 3 113 
2 1 3 0 0 1 1 3 9 
2 1 3 0 0 1 31 3 9 
2 1 3 0 0 1 0 3 116 
2 2 1 1 1 
2 1 3 0 0 1 20 3 4 
2 1 1 1 18 
2 1 2 1 35 3 39 
2 2 3 0 2 1 31 2 83 
2 2 1 0 18 
2 2 2 0 0 1 2 
2 2 2 0 0 1 35 
2 2 3 0 2 1 31 2 123 
2 2 3 0 0 1 33 2 126 
2 1 1 1 62 
2 1 1 1 68 
2 2 3 0 0 1 0 2 21 
2 1 2 0 0 1 36 
2 2 3 0 0 1 131 2 21 
2 0 3 0 0 2 9 3 115 
2 0 1 3 38 
2 1 2 0 0 3 12 
2 1 1 0 0 
2 0 1 3 135 
2 0 3 0 0 2 9 3 137 
2 0 4 0 138 1 26 2 85 3 113 
2 2 2 0 0 1 36 
2 0 2 0 0 2 5 
2 2 2 0 0 2 0 
2 2 1 0 0 
2 0 2 0 0 2 142 
2 0 3 0 0 2 144 3 137 
0 145 1 2 3 4 5 6 7 8 9 10 11 12 13 14 15 16 17 18 19 20 21 22 23 24 25 26 27 28 29 30 31 32 33 34 35 36 37 38 39 40 41 42 43 44 45 46 47 48 49 50 51 52 53 54 55 56 57 58 59 60 61 62 63 64 65 66 67 68 69 70 71 72 73 74 75 76 77 78 79 80 81 82 83 84 85 86 87 88 89 90 91 92 93 94 95 96 97 98 99 100 101 102 103 104 105 106 107 108 109 110 111 112 113 114 115 116 117 118 119 120 121 122 123 124 125 126 127 128 129 130 131 132 133 134 135 136 137 138 139 140 141 142 143 144 145 
