64
1
1
53 
0 0 1 0 0 
2 0 4 0 0 1 0 2 0 3 0 
2 2 3 0 0 1 0 2 0 
2 1 2 1 2 2 2 
2 1 3 0 0 1 3 2 1 
2 1 1 1 4 
2 0 1 1 4 
2 1 1 1 3 
2 2 2 0 2 1 5 
2 2 3 0 8 1 4 2 2 
2 2 3 0 0 1 3 2 9 
2 0 4 0 0 1 0 2 10 3 3 
2 1 3 0 0 1 0 3 3 
2 1 2 0 3 1 2 
2 1 3 0 0 1 0 3 13 
2 0 4 0 0 1 0 2 10 3 14 
2 1 2 0 0 1 0 
2 1 3 0 3 1 2 3 2 
2 0 3 0 0 1 10 3 17 
2 1 3 0 0 1 2 3 3 
2 2 1 1 0 
2 1 3 0 13 1 1 3 19 
2 1 3 0 3 1 2 3 21 
2 1 4 0 11 1 2 2 10 3 22 
2 2 2 0 0 1 0 
2 0 2 0 0 1 0 
2 2 3 0 2 1 4 2 9 
2 2 3 0 8 1 12 2 11 
2 1 1 1 0 
2 2 3 0 8 1 28 2 11 
2 2 3 0 2 1 4 2 29 
2 2 3 0 0 1 0 2 10 
2 2 3 0 0 1 0 2 31 
2 1 4 0 11 1 2 2 32 3 22 
2 1 2 1 1 3 16 
2 1 2 1 0 3 0 
2 1 2 1 16 3 0 
2 1 2 1 1 3 36 
2 1 3 0 3 1 0 3 21 
2 1 2 1 1 3 13 
2 1 2 1 1 3 0 
2 1 2 1 25 3 0 
2 1 3 0 3 1 2 3 22 
2 1 3 0 0 1 1 3 13 
2 1 3 0 3 1 2 3 42 
2 1 4 0 11 1 2 2 32 3 44 
2 2 2 0 0 2 10 
2 0 3 0 0 1 0 2 8 
2 2 2 0 0 2 47 
2 1 4 0 47 1 2 2 32 3 44 
2 0 1 1 0 
2 2 3 0 0 1 0 2 2 
2 2 3 0 0 1 0 2 51 
2 1 4 0 47 1 2 2 52 3 44 
2 1 2 0 3 1 24 
2 2 2 0 0 1 36 
2 1 1 1 12 
2 2 2 0 0 1 56 
2 2 3 0 55 1 4 2 2 
2 2 3 0 0 1 2 2 2 
2 2 3 0 0 1 0 2 25 
2 1 1 0 0 
2 1 1 0 3 
2 2 1 0 0 
0 63 1 2 3 4 5 6 7 8 9 10 11 12 13 14 15 16 17 18 19 20 21 22 23 24 25 26 27 28 29 30 31 32 33 34 35 36 37 38 39 40 41 42 43 44 45 46 47 48 49 50 51 52 53 54 55 56 57 58 59 60 61 62 63 
