63
1
1
61 
0 0 1 0 0 
2 1 1 3 0 
2 0 1 2 1 
2 0 1 2 2 
2 0 1 2 3 
2 0 1 2 4 
2 0 1 2 5 
2 0 1 2 6 
2 0 1 3 1 
2 0 1 3 8 
2 0 1 2 9 
2 0 1 2 10 
2 0 1 2 11 
2 0 1 2 12 
2 0 1 2 13 
2 0 1 2 14 
2 0 1 3 7 
2 0 1 3 16 
2 0 1 2 17 
2 0 1 2 18 
2 0 1 2 19 
2 0 1 2 20 
2 0 1 2 21 
2 0 1 2 22 
2 0 1 2 8 
2 2 1 2 0 
2 0 1 2 25 
2 0 1 2 26 
2 0 1 2 27 
2 0 1 3 28 
2 0 1 3 29 
2 0 1 2 30 
2 0 1 2 31 
2 0 1 2 32 
2 0 1 2 33 
2 0 1 2 34 
2 0 1 2 35 
2 0 1 3 36 
2 0 1 3 37 
2 0 1 2 38 
2 0 1 2 39 
2 0 1 2 40 
2 0 1 2 41 
2 0 1 2 42 
2 0 1 2 43 
2 0 1 2 28 
2 0 1 3 45 
2 0 1 3 46 
2 0 1 2 47 
2 0 1 2 48 
2 0 1 2 49 
2 0 1 2 50 
2 0 1 2 51 
2 0 1 2 52 
2 0 1 3 53 
2 0 1 3 54 
2 0 1 2 55 
2 0 1 2 56 
2 0 1 2 57 
2 0 1 2 58 
2 0 1 2 59 
2 0 1 2 60 
2 2 1 0 0 
0 62 1 2 3 4 5 6 7 8 9 10 11 12 13 14 15 16 17 18 19 20 21 22 23 24 25 26 27 28 29 30 31 32 33 34 35 36 37 38 39 40 41 42 43 44 45 46 47 48 49 50 51 52 53 54 55 56 57 58 59 60 61 62 
