111
1
1
102 
0 0 1 0 0 
2 0 4 0 0 1 0 2 0 3 0 
2 0 4 0 0 1 1 2 0 3 0 
2 2 2 0 0 1 0 
2 2 2 0 0 1 3 
2 2 2 0 0 1 1 
2 1 2 0 0 1 1 
2 0 2 0 0 1 6 
2 1 1 1 0 
2 1 2 0 0 1 7 
2 2 2 0 0 1 9 
2 2 2 0 0 1 10 
2 2 4 0 6 1 4 2 3 3 9 
2 1 3 0 0 1 6 3 6 
2 2 4 0 13 1 4 2 3 3 13 
2 2 2 0 0 1 4 
2 2 1 1 3 
2 1 1 1 6 
2 0 2 0 0 1 0 
2 0 3 0 6 2 3 3 6 
2 0 3 0 19 2 19 3 6 
2 2 4 0 20 1 4 2 19 3 13 
2 1 3 0 21 2 21 3 6 
2 0 3 0 20 2 21 3 0 
2 0 3 0 23 2 20 3 23 
2 2 4 0 24 1 4 2 19 3 13 
2 0 3 0 20 2 25 3 0 
2 0 2 0 19 3 0 
2 0 1 0 6 
2 1 1 0 0 
2 0 2 0 13 2 13 
2 1 1 3 19 
2 1 1 3 13 
2 0 1 1 0 
2 0 2 0 13 2 31 
2 0 2 0 34 3 0 
2 0 1 0 35 
2 0 1 0 36 
2 0 2 0 37 3 0 
2 0 3 0 38 2 25 3 0 
2 0 3 0 39 2 20 3 23 
2 2 4 0 40 1 4 2 19 3 13 
2 0 3 0 38 2 41 3 0 
2 1 2 0 0 3 6 
2 2 1 2 3 
2 0 3 0 38 2 44 3 0 
2 0 3 0 45 2 20 3 23 
2 2 4 0 46 1 4 2 19 3 13 
2 0 1 1 1 
2 0 1 1 33 
2 2 1 1 0 
2 2 1 2 50 
2 0 2 0 0 2 3 
2 0 2 0 0 2 45 
2 0 1 2 44 
2 2 2 0 0 2 3 
2 2 2 0 3 1 0 
2 0 1 2 55 
2 0 2 0 0 2 53 
2 0 2 0 0 2 58 
2 0 2 0 0 2 59 
2 2 4 0 46 1 4 2 60 3 13 
2 1 2 0 0 3 0 
2 1 3 0 0 1 6 3 62 
2 2 1 0 0 
2 0 3 0 45 2 58 3 53 
2 0 1 2 45 
2 0 2 0 19 2 3 
2 2 2 0 0 2 0 
2 2 2 0 0 2 19 
2 2 2 0 0 2 4 
2 0 2 0 0 2 67 
2 0 1 2 71 
2 0 2 0 0 2 72 
2 0 3 0 45 2 73 3 53 
2 2 4 0 74 1 4 2 60 3 13 
2 0 2 2 6 3 0 
2 0 1 2 24 
2 0 1 2 20 
2 0 1 2 19 
2 0 1 3 19 
2 0 1 3 6 
2 1 1 3 0 
2 0 1 2 80 
2 0 1 2 83 
2 0 1 2 84 
2 0 2 2 85 3 0 
2 0 3 0 45 2 73 3 86 
2 2 4 0 87 1 4 2 60 3 13 
2 0 1 2 3 
2 2 1 2 0 
2 0 2 0 89 2 3 
2 0 2 0 0 2 91 
2 0 1 2 92 
2 0 3 0 38 2 69 3 0 
2 0 2 0 24 2 85 
2 0 1 0 24 
2 0 1 0 23 
2 0 1 0 20 
2 0 2 0 95 2 85 
2 0 3 0 38 2 99 3 0 
2 0 3 0 100 2 73 3 86 
2 2 4 0 101 1 4 2 60 3 13 
2 2 3 0 0 1 6 2 56 
2 2 2 0 3 1 1 
2 2 1 0 1 
2 2 2 0 0 2 64 
2 1 2 2 13 3 6 
2 1 2 1 13 2 0 
2 1 2 0 6 1 6 
2 2 1 2 44 
0 110 1 2 3 4 5 6 7 8 9 10 11 12 13 14 15 16 17 18 19 20 21 22 23 24 25 26 27 28 29 30 31 32 33 34 35 36 37 38 39 40 41 42 43 44 45 46 47 48 49 50 51 52 53 54 55 56 57 58 59 60 61 62 63 64 65 66 67 68 69 70 71 72 73 74 75 76 77 78 79 80 81 82 83 84 85 86 87 88 89 90 91 92 93 94 95 96 97 98 99 100 101 102 103 104 105 106 107 108 109 110 
