106
1
1
105 
0 0 1 0 0 
2 1 2 0 0 3 0 
2 1 2 0 1 3 0 
2 0 3 0 2 2 1 3 1 
2 0 3 0 0 2 3 3 0 
2 0 3 0 4 2 4 3 0 
2 0 3 0 5 2 3 3 3 
2 0 3 0 5 2 6 3 6 
2 0 2 2 5 3 7 
2 0 1 2 4 
2 0 2 2 7 3 0 
2 0 2 2 10 3 8 
2 0 1 2 11 
2 0 2 2 11 3 11 
2 0 1 2 8 
2 0 1 2 5 
2 0 1 2 3 
2 0 1 2 1 
2 1 1 3 0 
2 2 1 2 0 
2 0 1 2 19 
2 0 1 2 20 
2 0 1 2 21 
2 2 1 0 0 
2 2 1 0 19 
2 0 1 2 22 
2 0 1 2 25 
2 0 1 2 26 
2 0 1 2 27 
2 0 1 2 28 
2 0 1 2 29 
2 0 1 2 30 
2 0 1 2 31 
2 0 1 2 32 
2 0 2 2 33 3 13 
2 0 1 2 34 
2 0 2 2 35 3 34 
2 0 2 2 36 3 0 
2 0 1 2 37 
2 0 2 2 38 3 36 
2 0 3 0 5 2 39 3 36 
2 0 2 2 40 3 39 
2 0 1 3 41 
2 0 1 3 42 
2 0 1 3 43 
2 0 1 3 39 
2 0 1 3 36 
2 0 1 3 34 
2 0 1 3 13 
2 0 1 3 11 
2 0 1 3 8 
2 0 1 3 7 
2 0 1 3 6 
2 0 1 3 3 
2 0 1 3 1 
2 0 1 3 54 
2 0 1 3 55 
2 0 1 3 56 
2 0 1 3 57 
2 0 1 3 58 
2 0 1 3 59 
2 0 1 3 60 
2 0 1 3 61 
2 0 1 3 62 
2 0 1 3 63 
2 0 1 3 64 
2 0 1 3 65 
2 0 1 3 66 
2 0 1 3 67 
2 0 2 2 40 3 68 
2 0 3 0 5 2 39 3 69 
2 0 2 2 38 3 39 
2 0 2 2 39 3 39 
2 0 1 2 41 
2 0 1 2 73 
2 0 1 2 10 
2 0 1 2 7 
2 0 1 2 6 
2 1 1 0 0 
2 0 1 2 74 
2 0 2 2 73 3 79 
2 0 1 3 80 
2 0 1 3 81 
2 0 1 3 82 
2 0 2 2 38 3 83 
2 0 3 0 5 2 84 3 69 
2 0 2 2 35 3 36 
2 0 2 2 38 3 38 
2 0 1 2 36 
2 0 1 2 35 
2 1 1 1 0 
2 0 1 1 0 
2 0 1 3 87 
2 0 1 3 92 
2 0 2 2 35 3 93 
2 0 2 2 94 3 0 
2 0 1 2 95 
2 0 2 2 96 3 83 
2 0 3 0 5 2 97 3 69 
2 0 3 0 84 2 37 3 0 
2 0 1 2 33 
2 2 2 0 0 2 0 
2 2 2 0 0 2 19 
2 2 2 0 0 2 23 
2 0 3 0 84 2 88 3 0 
2 0 3 0 99 2 97 3 69 
0 105 1 2 3 4 5 6 7 8 9 10 11 12 13 14 15 16 17 18 19 20 21 22 23 24 25 26 27 28 29 30 31 32 33 34 35 36 37 38 39 40 41 42 43 44 45 46 47 48 49 50 51 52 53 54 55 56 57 58 59 60 61 62 63 64 65 66 67 68 69 70 71 72 73 74 75 76 77 78 79 80 81 82 83 84 85 86 87 88 89 90 91 92 93 94 95 96 97 98 99 100 101 102 103 104 105 
