56
1
1
52 
0 0 1 0 0 
2 0 4 0 0 1 0 2 0 3 0 
2 0 4 0 0 1 1 2 0 3 0 
2 2 2 0 0 1 0 
2 2 2 0 0 1 3 
2 2 4 0 3 1 3 2 3 3 0 
2 2 4 0 5 1 3 2 3 3 5 
2 2 2 0 0 1 4 
2 2 1 1 3 
2 1 1 1 0 
2 0 1 1 1 
2 0 2 0 0 1 0 
2 1 1 1 9 
2 2 4 0 5 1 3 2 3 3 9 
2 2 2 0 0 1 1 
2 0 2 0 0 1 12 
2 0 1 1 0 
2 2 2 0 0 1 15 
2 2 2 0 0 1 17 
2 1 2 1 0 3 0 
2 2 4 0 5 1 3 2 3 3 19 
2 0 3 0 5 2 3 3 0 
2 0 1 0 5 
2 2 1 0 3 
2 0 2 0 6 2 5 
2 2 2 0 5 2 3 
2 1 2 0 0 3 12 
2 1 3 0 6 2 3 3 26 
2 0 1 0 23 
2 0 3 0 28 2 21 3 0 
2 2 4 0 29 1 3 2 21 3 19 
2 0 3 0 28 2 29 3 0 
2 0 2 0 6 2 30 
2 0 2 0 0 3 26 
2 1 2 0 0 3 9 
2 0 2 0 0 3 34 
2 2 2 0 33 2 3 
2 0 3 0 36 2 36 3 9 
2 0 2 0 37 2 30 
2 0 1 0 38 
2 0 1 0 39 
2 0 3 0 40 2 29 3 0 
2 2 4 0 41 1 3 2 21 3 19 
2 0 1 2 3 
2 2 2 0 0 2 0 
2 0 2 0 0 2 36 
2 2 2 0 0 2 43 
2 2 2 0 0 2 4 
2 1 2 0 0 1 12 
2 0 2 0 0 2 46 
2 0 2 0 0 2 49 
2 0 1 2 50 
2 2 4 0 41 1 3 2 51 3 19 
2 2 2 0 0 2 3 
2 2 2 0 0 1 16 
2 0 3 0 36 2 53 3 9 
0 55 1 2 3 4 5 6 7 8 9 10 11 12 13 14 15 16 17 18 19 20 21 22 23 24 25 26 27 28 29 30 31 32 33 34 35 36 37 38 39 40 41 42 43 44 45 46 47 48 49 50 51 52 53 54 55 
