81
1
1
80 
0 0 1 0 0 
2 0 4 -1 0 0 0 1 0 2 0 
2 1 2 1 0 2 0 
2 2 2 0 0 1 0 
2 0 2 0 0 1 3 
2 2 2 0 0 1 4 
2 2 2 0 0 1 3 
2 2 3 -1 0 0 0 1 4 
2 2 3 -1 0 0 0 1 3 
2 0 1 0 0 
2 0 1 1 6 
2 0 2 0 0 1 4 
2 1 2 1 10 2 0 
2 0 2 0 2 1 12 
2 0 4 -1 0 0 0 1 0 2 4 
2 2 2 0 2 1 0 
2 2 2 0 12 1 11 
2 2 2 0 2 1 4 
2 2 2 0 2 1 3 
2 2 2 0 3 1 0 
2 2 1 0 0 
2 2 2 0 2 1 19 
2 0 2 0 0 1 21 
2 0 2 0 0 1 22 
2 0 2 0 0 1 15 
2 1 2 1 24 2 0 
2 1 3 -1 0 0 0 2 1 
2 0 1 -1 0 
2 1 1 0 3 
2 0 1 -1 28 
2 2 2 -1 0 0 13 
2 2 2 0 0 1 11 
2 2 2 0 0 1 5 
2 2 2 0 0 1 6 
2 1 3 -1 0 1 3 2 0 
2 0 2 1 34 2 0 
2 0 2 0 0 1 35 
2 0 2 0 0 1 36 
2 0 1 1 37 
2 1 2 1 38 2 0 
2 0 3 0 0 1 3 2 32 
2 2 2 1 10 2 36 
2 0 2 1 36 2 0 
2 0 2 0 0 2 0 
2 0 1 0 19 
2 0 1 0 44 
2 0 1 0 45 
2 0 1 0 46 
2 0 1 0 47 
2 0 1 0 48 
2 0 1 0 49 
2 0 1 0 50 
2 0 1 0 51 
2 0 2 0 52 2 52 
2 0 2 0 53 2 53 
2 0 2 0 54 2 54 
2 0 2 0 55 2 55 
2 0 2 1 36 2 56 
2 0 1 2 57 
2 0 3 0 0 1 3 2 58 
2 1 2 1 33 2 59 
2 1 2 1 34 2 58 
2 1 3 -1 0 1 4 2 56 
2 2 2 -1 0 0 0 
2 0 2 -1 0 0 0 
2 2 2 -1 0 0 64 
2 2 3 -1 0 0 0 1 65 
2 0 2 0 28 1 61 
2 1 2 1 67 2 60 
2 0 2 0 61 1 68 
2 1 2 1 24 2 67 
2 0 2 -1 0 0 2 
2 0 2 -1 0 0 3 
2 1 1 0 55 
2 0 1 -1 73 
2 0 4 -1 0 0 0 1 3 2 67 
2 2 1 1 0 
2 1 1 1 36 
2 2 3 -1 0 0 3 1 19 
2 0 1 -1 9 
2 0 4 -1 0 0 0 1 0 2 75 
0 80 1 2 3 4 5 6 7 8 9 10 11 12 13 14 15 16 17 18 19 20 21 22 23 24 25 26 27 28 29 30 31 32 33 34 35 36 37 38 39 40 41 42 43 44 45 46 47 48 49 50 51 52 53 54 55 56 57 58 59 60 61 62 63 64 65 66 67 68 69 70 71 72 73 74 75 76 77 78 79 80 
