178
1
1
110 
0 0 1 0 0 
2 0 4 -1 0 0 0 1 0 2 0 
2 1 2 1 0 2 1 
2 2 2 0 0 1 0 
2 0 2 0 0 1 3 
2 2 2 0 0 1 4 
2 2 2 0 0 1 3 
2 2 3 -1 0 0 0 1 4 
2 2 3 -1 0 0 0 1 3 
2 0 1 0 0 
2 0 1 1 6 
2 0 2 0 0 1 4 
2 1 2 1 5 2 1 
2 0 2 0 2 1 12 
2 0 4 -1 0 0 0 1 0 2 4 
2 2 2 0 2 1 0 
2 2 2 0 2 1 11 
2 2 2 0 2 1 4 
2 2 2 0 2 1 3 
2 2 2 0 3 1 0 
2 2 1 0 0 
2 2 2 0 2 1 19 
2 0 2 0 0 1 21 
2 0 2 0 0 1 15 
2 1 2 1 23 2 1 
2 0 3 -1 0 1 2 2 2 
2 1 2 0 3 2 3 
2 1 3 -1 0 0 0 2 26 
2 2 2 -1 0 0 13 
2 0 1 -1 0 
2 0 1 1 10 
2 0 2 0 0 1 6 
2 2 2 0 0 1 5 
2 2 2 0 0 1 6 
2 1 3 -1 0 1 3 2 0 
2 2 2 -1 0 0 0 
2 2 2 -1 9 0 0 
2 0 2 0 0 1 33 
2 0 2 0 0 1 37 
2 0 1 1 38 
2 1 2 1 39 2 1 
2 1 2 1 38 2 26 
2 1 2 1 12 2 0 
2 0 3 0 24 1 33 2 26 
2 1 3 -1 0 1 4 2 2 
2 2 2 -1 0 0 1 
2 0 2 -1 0 0 0 
2 2 3 -1 0 0 0 1 45 
2 0 3 0 43 1 33 2 43 
2 0 2 0 48 1 48 
2 1 2 1 49 2 48 
2 1 2 1 2 2 0 
2 1 2 1 44 2 25 
2 1 3 -1 0 1 11 2 2 
2 2 2 -1 0 1 0 
2 1 1 0 49 
2 0 1 0 55 
2 0 1 0 56 
2 0 1 0 57 
2 0 1 0 58 
2 0 1 0 59 
2 0 1 0 60 
2 0 1 0 61 
2 0 1 0 62 
2 0 1 0 63 
2 0 1 0 64 
2 0 1 0 65 
2 1 2 0 66 1 66 
2 0 2 0 66 1 50 
2 0 2 0 2 1 68 
2 0 2 0 68 1 50 
2 0 2 0 65 1 3 
2 1 2 1 44 2 0 
2 1 2 1 0 2 2 
2 1 2 -1 0 2 0 
2 2 3 -1 0 0 0 1 0 
2 1 1 0 59 
2 1 1 0 58 
2 1 1 0 57 
2 1 1 0 56 
2 1 1 0 55 
2 1 1 0 80 
2 1 1 0 76 
2 1 1 0 77 
2 1 1 0 78 
2 1 1 0 79 
2 0 1 0 82 
2 0 1 0 86 
2 0 1 0 81 
2 0 1 0 79 
2 0 1 0 77 
2 0 1 -1 90 
2 2 3 -1 0 0 76 1 91 
2 0 2 0 66 1 71 
2 0 2 0 68 1 93 
2 0 2 0 2 1 94 
2 2 1 0 87 
2 2 1 0 86 
2 0 2 0 90 1 90 
2 0 2 0 77 1 0 
2 1 1 1 98 
2 0 2 0 77 1 100 
2 0 2 0 90 1 101 
2 0 2 0 98 1 102 
2 0 1 1 103 
2 2 2 0 96 1 104 
2 0 2 0 65 1 105 
2 0 2 0 66 1 106 
2 0 2 0 68 1 107 
2 0 2 0 2 1 108 
2 2 4 -1 0 0 2 1 109 2 27 
2 0 2 -1 0 0 2 
2 2 1 0 67 
2 1 1 0 66 
2 1 1 0 65 
2 1 1 0 64 
2 1 1 0 63 
2 1 1 0 61 
2 0 1 0 116 
2 0 1 0 114 
2 2 1 0 119 
2 0 2 -1 120 0 2 
2 2 3 -1 0 1 110 2 102 
2 2 2 1 42 2 102 
2 2 2 1 42 2 123 
2 0 2 0 0 2 0 
2 0 1 0 19 
2 0 1 0 126 
2 0 1 0 127 
2 0 1 0 128 
2 0 1 0 129 
2 0 1 0 130 
2 0 1 0 131 
2 0 1 0 132 
2 0 1 0 133 
2 0 2 0 134 2 134 
2 0 2 0 135 2 135 
2 0 2 0 136 2 136 
2 0 2 0 137 2 137 
2 0 2 1 102 2 138 
2 0 1 2 139 
2 0 3 0 0 1 3 2 140 
2 0 1 -1 9 
2 0 4 -1 0 0 0 1 3 2 104 
2 1 2 1 42 2 0 
2 1 2 1 42 2 1 
2 1 2 1 48 2 48 
2 2 2 0 96 1 96 
2 2 2 0 103 1 96 
2 2 2 0 98 1 19 
2 2 3 -1 0 0 98 1 3 
2 2 2 0 83 1 0 
2 0 2 0 84 1 88 
2 0 1 0 85 
2 1 1 0 87 
2 1 1 0 86 
2 1 1 0 82 
2 1 1 0 83 
2 1 1 0 84 
2 1 1 0 85 
2 1 1 0 81 
2 0 1 0 154 
2 0 1 0 161 
2 0 1 0 162 
2 0 1 0 163 
2 0 1 0 164 
2 0 1 0 165 
2 0 1 0 166 
2 0 1 0 167 
2 0 1 0 168 
2 0 2 0 84 1 153 
2 2 2 0 83 1 170 
2 2 3 -1 0 0 98 1 171 
2 0 2 0 63 1 172 
2 0 1 1 148 
2 0 2 0 66 1 174 
2 0 2 0 68 1 175 
2 0 1 1 176 
0 177 1 2 3 4 5 6 7 8 9 10 11 12 13 14 15 16 17 18 19 20 21 22 23 24 25 26 27 28 29 30 31 32 33 34 35 36 37 38 39 40 41 42 43 44 45 46 47 48 49 50 51 52 53 54 55 56 57 58 59 60 61 62 63 64 65 66 67 68 69 70 71 72 73 74 75 76 77 78 79 80 81 82 83 84 85 86 87 88 89 90 91 92 93 94 95 96 97 98 99 100 101 102 103 104 105 106 107 108 109 110 111 112 113 114 115 116 117 118 119 120 121 122 123 124 125 126 127 128 129 130 131 132 133 134 135 136 137 138 139 140 141 142 143 144 145 146 147 148 149 150 151 152 153 154 155 156 157 158 159 160 161 162 163 164 165 166 167 168 169 170 171 172 173 174 175 176 177 
